#iter q_curr av_rev s_10 %m %strategy av_k %ALLC %KC %KDC %KD %ALLD 
0 0,33 0,09 17 1,00 0,40 1,60 1,00 0,00 0,00 0,00 0,00 
1 0,75 0,66 31 1,00 0,40 1,60 1,00 0,00 0,00 0,00 0,00 
2 0,75 0,66 31 1,00 0,40 1,60 1,00 0,00 0,00 0,00 0,00 
3 0,75 0,66 31 1,00 0,40 1,60 1,00 0,00 0,00 0,00 0,00 
4 0,75 0,66 31 1,00 0,40 1,60 1,00 0,00 0,00 0,00 0,00 
5 0,75 0,66 31 1,00 0,40 1,60 1,00 0,00 0,00 0,00 0,00 
6 0,75 0,66 31 1,00 0,40 1,60 1,00 0,00 0,00 0,00 0,00 
7 0,75 0,66 31 1,00 0,40 1,60 1,00 0,00 0,00 0,00 0,00 
8 0,75 0,66 31 1,00 0,40 1,60 1,00 0,00 0,00 0,00 0,00 
9 0,75 0,66 31 1,00 0,40 1,60 1,00 0,00 0,00 0,00 0,00 
10 0,75 0,66 31 1,00 0,40 1,60 1,00 0,00 0,00 0,00 0,00 
11 0,75 0,66 31 1,00 0,40 1,60 1,00 0,00 0,00 0,00 0,00 
12 0,75 0,66 31 1,00 0,40 1,60 1,00 0,00 0,00 0,00 0,00 
13 0,75 0,66 31 1,00 0,40 1,60 1,00 0,00 0,00 0,00 0,00 
14 0,75 0,66 31 1,00 0,40 1,60 1,00 0,00 0,00 0,00 0,00 
15 0,75 0,66 31 1,00 0,40 1,60 1,00 0,00 0,00 0,00 0,00 
16 0,75 0,66 31 1,00 0,40 1,60 1,00 0,00 0,00 0,00 0,00 
17 0,75 0,66 31 1,00 0,40 1,60 1,00 0,00 0,00 0,00 0,00 
18 0,75 0,66 31 1,00 0,40 1,60 1,00 0,00 0,00 0,00 0,00 
19 0,75 0,66 31 1,00 0,40 1,60 1,00 0,00 0,00 0,00 0,00 
