#iter %0D %1D 2D %3D %othD %0C %1C %2C %3C %othC %0DC %1DC %2DC %3DC %othDC 
1 0,00 0,00 0,00 0,67 0,33 0,00 0,00 0,00 1,00 0,00 0,00 0,00 0,00 0,00 0,00 
2 0,00 0,00 0,00 0,67 0,33 0,00 0,00 0,00 1,00 0,00 0,00 0,00 0,00 0,00 0,00 
3 0,00 0,00 0,00 0,67 0,33 0,00 0,00 0,00 0,00 0,00 0,00 0,00 0,00 0,00 0,00 
4 0,50 0,00 0,00 0,50 0,00 0,00 0,00 0,00 1,00 0,00 0,00 0,00 0,00 0,00 0,00 
5 0,50 0,00 0,00 0,50 0,00 0,00 0,00 0,00 1,00 0,00 0,00 0,00 0,00 0,00 1,00 
6 0,33 0,00 0,00 0,67 0,00 0,00 0,00 0,00 0,00 1,00 0,00 0,00 0,00 0,00 0,00 
7 0,00 0,00 0,00 1,00 0,00 0,00 0,00 0,00 0,00 1,00 0,00 0,00 0,00 0,00 0,00 
8 0,50 0,00 0,00 0,50 0,00 0,00 0,00 0,00 0,00 1,00 0,00 0,00 0,00 1,00 0,00 
9 1,00 0,00 0,00 0,00 0,00 0,00 0,00 0,00 0,50 0,50 0,00 0,00 0,00 0,00 0,00 
10 0,50 0,00 0,00 0,50 0,00 0,00 0,00 0,00 0,50 0,50 0,00 0,00 0,00 0,00 0,00 
11 0,00 0,00 0,00 0,00 0,00 0,00 0,00 0,00 0,50 0,50 0,00 0,00 0,00 1,00 0,00 
12 0,50 0,00 0,00 0,50 0,00 0,00 0,00 0,00 0,50 0,50 0,00 0,00 0,00 0,00 0,00 
13 0,50 0,00 0,00 0,50 0,00 0,00 0,00 0,00 1,00 0,00 0,00 0,00 0,00 0,00 0,00 
14 1,00 0,00 0,00 0,00 0,00 0,00 0,00 0,00 0,67 0,33 0,00 0,00 0,00 0,00 0,00 
15 0,00 0,00 0,00 0,00 1,00 0,00 0,00 0,00 1,00 0,00 0,00 0,00 0,00 0,00 0,00 
16 1,00 0,00 0,00 0,00 0,00 0,00 0,00 0,00 0,67 0,33 0,00 0,00 0,00 0,00 0,00 
17 0,50 0,00 0,00 0,00 0,50 0,00 0,00 0,00 1,00 0,00 0,00 0,00 0,00 0,00 0,00 
18 0,50 0,00 0,00 0,50 0,00 0,00 0,00 0,00 0,00 0,00 0,00 0,00 0,00 0,00 1,00 
19 0,00 0,00 0,00 1,00 0,00 0,00 0,00 0,00 1,00 0,00 0,00 0,00 0,00 0,00 1,00 
20 0,00 0,00 0,00 1,00 0,00 0,00 0,00 0,00 0,00 0,00 0,00 0,00 0,00 1,00 0,00 
