#x y
0.0 2.0
5.0 2.0
10.0 2.0
15.0 2.0
20.0 2.0
25.0 2.0
30.0 2.0
35.0 2.0
40.0 2.0
45.0 2.0
50.0 2.0
55.0 2.0
60.0 2.0
65.0 2.0
70.0 2.0
75.0 2.0
80.0 2.0
85.0 2.0
90.0 2.0
95.0 2.0
0.0 8.0
5.0 8.0
10.0 8.0
15.0 8.0
20.0 8.0
25.0 8.0
30.0 8.0
35.0 8.0
40.0 8.0
45.0 8.0
50.0 8.0
55.0 8.0
60.0 8.0
65.0 8.0
70.0 8.0
75.0 8.0
80.0 8.0
85.0 8.0
90.0 8.0
95.0 8.0
0.0 14.0
5.0 14.0
10.0 14.0
15.0 14.0
20.0 14.0
25.0 14.0
30.0 14.0
35.0 14.0
40.0 14.0
45.0 14.0
50.0 14.0
55.0 14.0
60.0 14.0
65.0 14.0
70.0 14.0
75.0 14.0
80.0 14.0
85.0 14.0
90.0 14.0
95.0 14.0
0.0 20.0
5.0 20.0
10.0 20.0
15.0 20.0
20.0 20.0
25.0 20.0
30.0 20.0
35.0 20.0
40.0 20.0
45.0 20.0
50.0 20.0
55.0 20.0
60.0 20.0
65.0 20.0
70.0 20.0
75.0 20.0
80.0 20.0
85.0 20.0
90.0 20.0
95.0 20.0
0.0 26.0
5.0 26.0
10.0 26.0
15.0 26.0
20.0 26.0
25.0 26.0
30.0 26.0
35.0 26.0
40.0 26.0
45.0 26.0
50.0 26.0
55.0 26.0
60.0 26.0
65.0 26.0
70.0 26.0
75.0 26.0
80.0 26.0
85.0 26.0
90.0 26.0
95.0 26.0
0.0 32.0
5.0 32.0
10.0 32.0
15.0 32.0
20.0 32.0
25.0 32.0
30.0 32.0
35.0 32.0
40.0 32.0
45.0 32.0
50.0 32.0
55.0 32.0
60.0 32.0
65.0 32.0
70.0 32.0
75.0 32.0
80.0 32.0
85.0 32.0
90.0 32.0
95.0 32.0
0.0 38.0
5.0 38.0
10.0 38.0
15.0 38.0
20.0 38.0
25.0 38.0
30.0 38.0
35.0 38.0
40.0 38.0
45.0 38.0
50.0 38.0
55.0 38.0
60.0 38.0
65.0 38.0
70.0 38.0
75.0 38.0
80.0 38.0
85.0 38.0
90.0 38.0
95.0 38.0
0.0 44.0
5.0 44.0
10.0 44.0
15.0 44.0
20.0 44.0
25.0 44.0
30.0 44.0
35.0 44.0
40.0 44.0
45.0 44.0
50.0 44.0
55.0 44.0
60.0 44.0
65.0 44.0
70.0 44.0
75.0 44.0
80.0 44.0
85.0 44.0
90.0 44.0
95.0 44.0
0.0 50.0
5.0 50.0
10.0 50.0
15.0 50.0
20.0 50.0
25.0 50.0
30.0 50.0
35.0 50.0
40.0 50.0
45.0 50.0
50.0 50.0
55.0 50.0
60.0 50.0
65.0 50.0
70.0 50.0
75.0 50.0
80.0 50.0
85.0 50.0
90.0 50.0
95.0 50.0
0.0 56.0
5.0 56.0
10.0 56.0
15.0 56.0
20.0 56.0
25.0 56.0
30.0 56.0
35.0 56.0
40.0 56.0
45.0 56.0
50.0 56.0
55.0 56.0
60.0 56.0
65.0 56.0
70.0 56.0
75.0 56.0
80.0 56.0
85.0 56.0
90.0 56.0
95.0 56.0
0.0 62.0
5.0 62.0
10.0 62.0
15.0 62.0
20.0 62.0
25.0 62.0
30.0 62.0
35.0 62.0
40.0 62.0
45.0 62.0
50.0 62.0
55.0 62.0
60.0 62.0
65.0 62.0
70.0 62.0
75.0 62.0
80.0 62.0
85.0 62.0
90.0 62.0
95.0 62.0
0.0 68.0
5.0 68.0
10.0 68.0
15.0 68.0
20.0 68.0
25.0 68.0
30.0 68.0
35.0 68.0
40.0 68.0
45.0 68.0
50.0 68.0
55.0 68.0
60.0 68.0
65.0 68.0
70.0 68.0
75.0 68.0
80.0 68.0
85.0 68.0
90.0 68.0
95.0 68.0
0.0 74.0
5.0 74.0
10.0 74.0
15.0 74.0
20.0 74.0
25.0 74.0
30.0 74.0
35.0 74.0
40.0 74.0
45.0 74.0
50.0 74.0
55.0 74.0
60.0 74.0
65.0 74.0
70.0 74.0
75.0 74.0
80.0 74.0
85.0 74.0
90.0 74.0
95.0 74.0
0.0 80.0
5.0 80.0
10.0 80.0
15.0 80.0
20.0 80.0
25.0 80.0
30.0 80.0
35.0 80.0
40.0 80.0
45.0 80.0
50.0 80.0
55.0 80.0
60.0 80.0
65.0 80.0
70.0 80.0
75.0 80.0
80.0 80.0
85.0 80.0
90.0 80.0
95.0 80.0
0.0 86.0
5.0 86.0
10.0 86.0
15.0 86.0
20.0 86.0
25.0 86.0
30.0 86.0
35.0 86.0
40.0 86.0
45.0 86.0
50.0 86.0
55.0 86.0
60.0 86.0
65.0 86.0
70.0 86.0
75.0 86.0
80.0 86.0
85.0 86.0
90.0 86.0
95.0 86.0
